00 00 00 00 23 00 00 00  00 00 00 00 23 23 23 23
00 00 00 23 23 00 00 00  4F 4F 00 00 00 00 00 00
00 00 00 00 00 00 00 00  4F 4F 00 50 50 00 00 00
00 00 00 4C 00 4F 4F 00  4F 4F 00 50 50 00 00 00
00 00 00 4C 00 4F 4F 00  4F 4F 00 50 00 00 00 00
00 00 4C 4C 00 4F 4F 00  00 00 00 50 00 00 00 00
00 00 00 00 00 4F 4F 00  00 00 00 50 00 00 00 00
23 00 00 00 00 00 00 00  00 00 00 00 00 00 00 00
00 00 00 00 00 00 00 00  00 00 00 00 23 00 00 00
00 00 00 00 00 00 4D 4D  4D 00 00 00 23 00 00 00
00 00 00 00 00 00 00 4D  4D 4D 00 00 00 00 45 45
00 00 00 30 00 4D 00 4D  00 4D 00 00 00 00 45 00
00 00 00 00 00 00 00 00  00 00 00 00 00 00 45 45
54 54 54 49 00 4D 00 4D  00 4D 00 00 00 00 45 00
00 54 00 49 00 4D 00 4D  00 4D 00 00 00 00 45 00
00 54 00 49 00 4D 00 4D  00 4D 21 00 00 00 45 45
